0.0000000e+00	0.0000000e+00	0.0000000e+00	0.0000000e+00	7.8829460e-02	8.2936410e-02	7.5120100e-02	0.0000000e+00	8.4412710e-05	
0.0000000e+00	0.0000000e+00	1.3910060e-05	1.3395400e-05	0.0000000e+00	0.0000000e+00	0.0000000e+00	8.6396050e-07	0.0000000e+00	
0.0000000e+00	1.3910060e-05	0.0000000e+00	1.0534050e-05	0.0000000e+00	0.0000000e+00	0.0000000e+00	5.9340230e-06	0.0000000e+00	
0.0000000e+00	1.3395400e-05	1.0534050e-05	0.0000000e+00	0.0000000e+00	0.0000000e+00	0.0000000e+00	1.8737270e-03	0.0000000e+00	
7.8829460e-02	0.0000000e+00	0.0000000e+00	0.0000000e+00	0.0000000e+00	4.9687500e-05	2.7581430e-05	0.0000000e+00	1.5006720e-03	
8.2936410e-02	0.0000000e+00	0.0000000e+00	0.0000000e+00	4.9687500e-05	0.0000000e+00	2.8912860e-05	0.0000000e+00	2.5984450e-06	
7.5120100e-02	0.0000000e+00	0.0000000e+00	0.0000000e+00	2.7581430e-05	2.8912860e-05	0.0000000e+00	0.0000000e+00	6.7724780e-03	
0.0000000e+00	8.6396050e-07	5.9340230e-06	1.8737270e-03	0.0000000e+00	0.0000000e+00	0.0000000e+00	0.0000000e+00	0.0000000e+00	
8.4412710e-05	0.0000000e+00	0.0000000e+00	0.0000000e+00	1.5006720e-03	2.5984450e-06	6.7724780e-03	0.0000000e+00	0.0000000e+00	
