0.0000000e+00	3.4582488e+01	2.8745757e+01	7.0131180e+00	0.0000000e+00	0.0000000e+00	0.0000000e+00	1.9448890e+02	0.0000000e+00	
3.4582488e+01	3.5107137e+04	2.6078461e+02	2.5895620e+02	1.8387234e+02	3.4477070e+00	1.8709534e+02	2.5217000e-01	1.7692600e-01	
2.8745757e+01	2.6078461e+02	3.5164403e+04	2.6417793e+02	4.4595270e+00	1.8461718e+02	1.9177029e+02	7.5193045e+01	2.8832134e+01	
7.0131180e+00	2.5895620e+02	2.6417793e+02	3.5316036e+04	1.8750294e+02	1.8442501e+02	2.7587570e+00	2.2206373e+01	4.5821780e+00	
0.0000000e+00	1.8387234e+02	4.4595270e+00	1.8750294e+02	3.8284984e+04	0.0000000e+00	0.0000000e+00	8.0976350e+00	0.0000000e+00	
0.0000000e+00	3.4477070e+00	1.8461718e+02	1.8442501e+02	0.0000000e+00	3.8350315e+04	0.0000000e+00	1.3242000e-01	0.0000000e+00	
0.0000000e+00	1.8709534e+02	1.9177029e+02	2.7587570e+00	0.0000000e+00	0.0000000e+00	3.8577765e+04	1.1863019e+01	0.0000000e+00	
1.9448890e+02	2.5217000e-01	7.5193045e+01	2.2206373e+01	8.0976350e+00	1.3242000e-01	1.1863019e+01	3.8604381e+04	8.2386600e-01	
0.0000000e+00	1.7692600e-01	2.8832134e+01	4.5821780e+00	0.0000000e+00	0.0000000e+00	0.0000000e+00	8.2386600e-01	4.0881300e+04	
