\begin{tabular}{r|rrrrrrrrr}
 &          S0 &          T1 &          T2 &          T3 &          S1 &          S2 &          S3 &          T4 &          S4 \\
\hline
S0 &       0.000 &      34.582 &      28.746 &       7.013 &       0.000 &       0.000 &       0.000 &     194.489 &       0.000 \\
T1 &      34.582 &   35107.137 &     260.785 &     258.956 &     183.872 &       3.448 &     187.095 &       0.252 &       0.177 \\
T2 &      28.746 &     260.785 &   35164.403 &     264.178 &       4.460 &     184.617 &     191.770 &      75.193 &      28.832 \\
T3 &       7.013 &     258.956 &     264.178 &   35316.036 &     187.503 &     184.425 &       2.759 &      22.206 &       4.582 \\
S1 &       0.000 &     183.872 &       4.460 &     187.503 &   38284.984 &       0.000 &       0.000 &       8.098 &       0.000 \\
S2 &       0.000 &       3.448 &     184.617 &     184.425 &       0.000 &   38350.315 &       0.000 &       0.132 &       0.000 \\
S3 &       0.000 &     187.095 &     191.770 &       2.759 &       0.000 &       0.000 &   38577.765 &      11.863 &       0.000 \\
T4 &     194.489 &       0.252 &      75.193 &      22.206 &       8.098 &       0.132 &      11.863 &   38604.381 &       0.824 \\
S4 &       0.000 &       0.177 &      28.832 &       4.582 &       0.000 &       0.000 &       0.000 &       0.824 &   40881.300 \\
\end{tabular}
