\begin{tabular}{r|rrrrrrrrr}
 &          S0 &          T1 &          T2 &          T3 &          S1 &          S2 &          S3 &          T4 &          S4 \\
\hline
S0 &  0.000E+00 &  0.000E+00 &  0.000E+00 &  0.000E+00 &  7.883E-02 &  8.294E-02 &  7.512E-02 &  0.000E+00 &  8.441E-05 \\
T1 &  0.000E+00 &  0.000E+00 &  1.391E-05 &  1.340E-05 &  0.000E+00 &  0.000E+00 &  0.000E+00 &  8.640E-07 &  0.000E+00 \\
T2 &  0.000E+00 &  1.391E-05 &  0.000E+00 &  1.053E-05 &  0.000E+00 &  0.000E+00 &  0.000E+00 &  5.934E-06 &  0.000E+00 \\
T3 &  0.000E+00 &  1.340E-05 &  1.053E-05 &  0.000E+00 &  0.000E+00 &  0.000E+00 &  0.000E+00 &  1.874E-03 &  0.000E+00 \\
S1 &  7.883E-02 &  0.000E+00 &  0.000E+00 &  0.000E+00 &  0.000E+00 &  4.969E-05 &  2.758E-05 &  0.000E+00 &  1.501E-03 \\
S2 &  8.294E-02 &  0.000E+00 &  0.000E+00 &  0.000E+00 &  4.969E-05 &  0.000E+00 &  2.891E-05 &  0.000E+00 &  2.598E-06 \\
S3 &  7.512E-02 &  0.000E+00 &  0.000E+00 &  0.000E+00 &  2.758E-05 &  2.891E-05 &  0.000E+00 &  0.000E+00 &  6.772E-03 \\
T4 &  0.000E+00 &  8.640E-07 &  5.934E-06 &  1.874E-03 &  0.000E+00 &  0.000E+00 &  0.000E+00 &  0.000E+00 &  0.000E+00 \\
S4 &  8.441E-05 &  0.000E+00 &  0.000E+00 &  0.000E+00 &  1.501E-03 &  2.598E-06 &  6.772E-03 &  0.000E+00 &  0.000E+00 \\
\end{tabular}
